   1.00000000    
   1.00000000    
   1.00000000    
   1.00000000    
   1.00000000    
   1.00000000    
   1.00000000    
   1.00000000    
   1.00000000    
   1.00000000    
   1.00000000    
   1.00000000    
   1.00000000    
   1.00000000    
   1.00000000    
   1.00000000    
   1.00000000    
   1.00000000    
   1.00000000    
   1.00000000    
   1.00000000    
   1.00000000    
   1.00000000    
   1.00000000    
   1.00000000    
   1.00000000    
   1.00000000    
   1.00000000    
   1.00000000    
   1.00000000    
   1.00000000    
   1.00000000    
   1.00000000    
   1.00000000    
   1.00000000    
   1.00000000    
   1.00000000    
   1.00000000    
   1.00000000    
   1.00000000    
   1.00000000    
   1.00000000    
   1.00000000    
   1.00000000    
   1.00000000    
   1.00000000    
   1.00000000    
   1.00000000    
   1.00000000    
   1.00000000    
   1.00000000    
   1.00000000    
   1.00000000    
   1.00000000    
   1.00000000    
   1.00000000    
   1.00000000    
   1.00000000    
   1.00000000    
   1.00000000    
   1.00000000    
   1.00000000    
   1.00000000    
   1.00000000    
   1.00000000    
   1.00000000    
   1.00000000    
   1.00000000    
   1.00000000    
   1.00000000    
   1.00000000    
   1.00000000    
   1.00000000    
   1.00000000    
   1.00000000    
   1.00000000    
   1.00000000    
   1.00000012    
   1.00000048    
   1.00000191    
   1.00000632    
   1.00002003    
   1.00005984    
   1.00016773    
   1.00044191    
   1.00109375    
   1.00254309    
   1.00555456    
   1.01139712    
   1.02196848    
   1.03977978    
   1.06766772    
   1.10813260    
   1.16232622    
   1.22891665    
   1.30326509    
   1.37741995    
   1.44124854    
   1.48461664    
   1.50000000    
   1.48461664    
   1.44124854    
   1.37741995    
   1.30326557    
   1.22891700    
   1.16232657    
   1.10813236    
   1.06766748    
   1.03977966    
   1.02196848    
   1.01139712    
   1.00555456    
   1.00254309    
   1.00109375    
   1.00044191    
   1.00016773    
   1.00005984    
   1.00002003    
   1.00000632    
   1.00000191    
   1.00000048    
   1.00000012    
   1.00000000    
   1.00000000    
   1.00000000    
   1.00000000    
   1.00000000    
   1.00000000    
   1.00000000    
   1.00000000    
   1.00000000    
   1.00000000    
   1.00000000    
   1.00000000    
   1.00000000    
   1.00000000    
   1.00000000    
   1.00000000    
   1.00000000    
   1.00000000    
   1.00000000    
   1.00000000    
   1.00000000    
   1.00000000    
   1.00000000    
   1.00000000    
   1.00000000    
   1.00000000    
   1.00000000    
   1.00000000    
   1.00000000    
   1.00000000    
   1.00000000    
   1.00000000    
   1.00000000    
   1.00000000    
   1.00000000    
   1.00000000    
   1.00000000    
   1.00000000    
   1.00000000    
   1.00000000    
   1.00000000    
   1.00000000    
   1.00000000    
   1.00000000    
   1.00000000    
   1.00000000    
   1.00000000    
   1.00000000    
   1.00000000    
   1.00000000    
   1.00000000    
   1.00000000    
   1.00000000    
   1.00000000    
   1.00000000    
   1.00000000    
   1.00000000    
   1.00000000    
   1.00000000    
   1.00000000    
   1.00000000    
   1.00000000    
   1.00000000    
   1.00000000    
   1.00000000    
   1.00000000    
   1.00000000    
   1.00000000    
   1.00000000    
   1.00000000    
   1.00000000    
   1.00000000    
   1.00000000    
   1.00000000    
   1.00000000    
   1.00000000    
   1.00000000    
   1.00000000    
   1.00000000    
   1.00000000    
   1.00000000    
   1.00000000    
   1.00000000    
   1.00000000    
   1.00000000    
   1.00000000    
   1.00000000    
   1.00000000    
   1.00000000    
   1.00000000    
   1.00000000    
   1.00000000    
   1.00000000    
   1.00000000    
   1.00000000    
   1.00000000    
   1.00000000    
   1.00000000    
   1.00000000    
   1.00000000    
   1.00000000    
   1.00000000    
   1.00000000    
   1.00000000    
   1.00000000    
   1.00000000    
   1.00000000    
   1.00000000    
   1.00000000    
   1.00000000    
   1.00000000    
   1.00000000    
   1.00000000    
   1.00000000    
   1.00000000    
   1.00000000    
   1.00000000    
   1.00000000    
   1.00000000    
   1.00000000    
   1.00000000    
   1.00000000    
   1.00000000    
   1.00000000    
   1.00000000    
   1.00000000    
   1.00000000    
   1.00000000    
   1.00000000    
   1.00000000    
   1.00000000    
   1.00000000    
   1.00000000    
   1.00000000    
   1.00000000    
   1.00000000    
   1.00000000    
   1.00000000    
   1.00000000    
   1.00000000    
   1.00000000    
   1.00000000    
   1.00000000    
   1.00000000    
   1.00000000    
   1.00000000    
   1.00000000    
   1.00000000    
   1.00000000    
   1.00000000    
   1.00000000    
   1.00000000    
   1.00000000    
   1.00000000    
   1.00000000    
   1.00000000    
   1.00000000    
   1.00000000    
   1.00000000    
   1.00000000    
   1.00000000    
   1.00000000    
   1.00000000    
   1.00000000    
   1.00000000    
   1.00000000    
   1.00000000    
   1.00000000    
   1.00000000    
   1.00000000    
   1.00000000    
   1.00000000    
   1.00000000    
   1.00000000    
   1.00000000    
   1.00000000    
   1.00000000    
   1.00000000    
   1.00000000    
   1.00000000    
   1.00000000    
   1.00000000    
   1.00000000    
   1.00000000    
   1.00000000    
   1.00000000    
   1.00000000    
   1.00000000    
   1.00000000    
   1.00000000    
   1.00000000    
   1.00000000    
   1.00000000    
   1.00000000    
   1.00000000    
   1.00000000    
   1.00000000    
   1.00000000    
   1.00000000    
   1.00000000    
   1.00000000    
   1.00000000    
   1.00000000    
   1.00000000    
   1.00000000    
   1.00000000    
   1.00000000    
   1.00000000    
   1.00000000    
   1.00000000    
   1.00000000    
   1.00000000    
   1.00000000    
   1.00000000    
   1.00000000    
   1.00000000    
   1.00000000    
   1.00000000    
   1.00000000    
   1.00000000    
   1.00000000    
   1.00000000    
   1.00000000    
   1.00000000    
   1.00000000    
   1.00000000    
   1.00000000    
   1.00000000    
   1.00000000    
   1.00000000    
   1.00000000    
   1.00000000    
   1.00000000    
   1.00000000    
   1.00000000    
   1.00000000    
   1.00000000    
   1.00000000    
   1.00000000    
   1.00000000    
   1.00000000    
   1.00000000    
   1.00000000    
   1.00000000    
   1.00000000    
   1.00000000    
   1.00000000    
   1.00000000    
   1.00000000    
   1.00000000    
   1.00000000    
   1.00000000    
   1.00000000    
   1.00000000    
   1.00000000    
   1.00000000    
   1.00000000    
   1.00000000    
   1.00000000    
   1.00000000    
   1.00000000    
   1.00000000    
   1.00000000    
   1.00000000    
   1.00000000    
   1.00000000    
   1.00000000    
   1.00000000    
   1.00000000    
   1.00000000    
   1.00000000    
   1.00000000    
   1.00000000    
   1.00000000    
   1.00000000    
   1.00000000    
   1.00000000    
   1.00000000    
